n_clusters=5
max_iter=20
eps=1e-06
distance=euclidean
label=['U2R' 'Normal' 'R2L' 'DoS' 'Probe']
Mu=[[1.45465351e-03 5.00000000e-01 6.75010979e-01 9.00000000e-01
  6.18768937e-07 3.38105446e-06 0.00000000e+00 0.00000000e+00
  2.16450216e-03 1.84966549e-02 6.06060606e-03 9.39393939e-01
  1.74225204e-04 5.45454545e-01 0.00000000e+00 1.50135528e-04
  2.25510923e-02 1.06060606e-01 3.36700337e-03 0.00000000e+00
  0.00000000e+00 2.60926288e-03 2.43135860e-03 0.00000000e+00
  0.00000000e+00 0.00000000e+00 0.00000000e+00 9.67272727e-01
  6.57575758e-02 0.00000000e+00 2.56446821e-01 1.44979204e-02
  6.85454545e-01 6.24242424e-02 5.94848485e-01 1.25454545e-01
  0.00000000e+00 7.57575758e-03 4.30303030e-02 1.06060606e-02]
 [1.49744460e-03 5.61208017e-01 3.99314885e-01 8.54046302e-01
  1.10029387e-06 2.70025929e-06 0.00000000e+00 0.00000000e+00
  1.94502579e-06 6.76818455e-04 2.07469418e-05 7.85944725e-01
  5.68137899e-06 3.65664849e-04 9.20645541e-05 9.27351209e-06
  1.35005899e-04 1.91260869e-04 5.37259346e-04 1.29668386e-06
  4.05084038e-03 1.74024185e-02 2.33616071e-02 1.42976253e-03
  1.71767821e-03 5.72180037e-02 5.73868968e-02 9.92610627e-01
  1.07298904e-02 1.41722995e-01 5.46321997e-01 8.32289004e-01
  8.86901302e-01 2.86566744e-02 1.04834413e-01 2.59079769e-02
  1.73146196e-03 8.80046369e-04 5.87427353e-02 5.72114036e-02]
 [9.60490398e-03 5.00000000e-01 3.18492754e-01 8.68444444e-01
  1.97261889e-04 5.52408009e-05 0.00000000e+00 0.00000000e+00
  1.90476190e-04 9.60346320e-02 9.95555556e-03 9.22666667e-01
  9.15155027e-06 4.44444444e-03 4.44444444e-04 1.32119264e-05
  7.23514212e-04 1.77777778e-03 8.88888889e-04 0.00000000e+00
  2.79111111e-01 2.57447271e-03 4.58186562e-03 1.14133333e-02
  1.06577778e-02 4.57777778e-02 4.60266667e-02 9.97040000e-01
  5.92888889e-03 1.51733333e-02 3.14788671e-01 1.52198693e-01
  7.53280000e-01 1.92533333e-02 6.37875556e-01 9.18311111e-02
  2.15733333e-02 1.46222222e-02 4.52177778e-02 4.18933333e-02]
 [1.81018929e-09 8.45147685e-02 2.98384542e-01 8.32831202e-01
  6.52271751e-07 4.91179866e-09 6.69210410e-06 2.00515267e-04
  0.00000000e+00 1.99266332e-05 0.00000000e+00 7.81860829e-04
  1.00961681e-07 0.00000000e+00 0.00000000e+00 0.00000000e+00
  0.00000000e+00 0.00000000e+00 0.00000000e+00 0.00000000e+00
  0.00000000e+00 8.91083352e-01 8.33680216e-01 1.67870829e-01
  1.67859207e-01 3.41334487e-05 8.12570151e-05 8.42794957e-01
  1.08331223e-02 1.33771443e-04 9.99602396e-01 8.38510404e-01
  8.38701739e-01 1.16425993e-02 8.30975988e-01 2.98505021e-05
  1.67891760e-01 1.67861111e-01 6.40954859e-05 3.97287913e-05]
 [1.11233091e-02 3.72910154e-01 5.20627698e-01 4.86119342e-01
  1.43320696e-05 4.38012473e-05 0.00000000e+00 0.00000000e+00
  0.00000000e+00 6.70798550e-06 2.17479951e-05 2.39227946e-03
  2.54439039e-08 0.00000000e+00 0.00000000e+00 2.54813815e-08
  1.26441832e-05 0.00000000e+00 0.00000000e+00 0.00000000e+00
  2.71849939e-05 3.75297831e-01 1.51703438e-02 7.84770966e-02
  8.15715645e-02 5.54364551e-01 5.52568438e-01 5.50774772e-01
  4.30942504e-01 2.32178062e-01 6.61723582e-01 2.17999558e-01
  3.20075846e-01 5.86137284e-01 5.50850618e-01 1.98880794e-01
  7.71863531e-02 8.14215033e-02 5.39824113e-01 5.51764034e-01]]
accuracy=0.5068714845893543
