n_clusters=5
max_iter=20
eps=1e-06
distance=euclidean
label=['R2L' 'U2R' 'Normal' 'DoS' 'Probe']
Mu=[[9.60490398e-03 5.00000000e-01 3.18492754e-01 8.68444444e-01
  1.97261889e-04 5.52408009e-05 0.00000000e+00 0.00000000e+00
  1.90476190e-04 9.60346320e-02 9.95555556e-03 9.22666667e-01
  9.15155027e-06 4.44444444e-03 4.44444444e-04 1.32119264e-05
  7.23514212e-04 1.77777778e-03 8.88888889e-04 0.00000000e+00
  2.79111111e-01 2.57447271e-03 4.58186562e-03 1.14133333e-02
  1.06577778e-02 4.57777778e-02 4.60266667e-02 9.97040000e-01
  5.92888889e-03 1.51733333e-02 3.14788671e-01 1.52198693e-01
  7.53280000e-01 1.92533333e-02 6.37875556e-01 9.18311111e-02
  2.15733333e-02 1.46222222e-02 4.52177778e-02 4.18933333e-02]
 [1.39399518e-03 5.00000000e-01 6.48175912e-01 9.00000000e-01
  5.59285000e-07 3.53112425e-06 0.00000000e+00 0.00000000e+00
  2.46305419e-03 1.65696373e-02 6.89655172e-03 9.31034483e-01
  1.52150158e-04 4.82758621e-01 0.00000000e+00 1.61609072e-04
  2.24538893e-02 1.03448276e-01 3.83141762e-03 0.00000000e+00
  0.00000000e+00 2.69923747e-03 2.49679466e-03 0.00000000e+00
  0.00000000e+00 0.00000000e+00 0.00000000e+00 9.62758621e-01
  7.48275862e-02 0.00000000e+00 2.56795132e-01 1.55510480e-02
  6.76206897e-01 7.03448276e-02 5.90689655e-01 1.08275862e-01
  0.00000000e+00 8.62068966e-03 2.51724138e-02 1.20689655e-02]
 [7.26236647e-04 5.44988810e-01 3.86241775e-01 8.63076295e-01
  9.04328381e-07 2.86388760e-06 0.00000000e+00 0.00000000e+00
  1.70482055e-06 6.59063568e-04 2.19019299e-05 8.32472700e-01
  5.33805149e-06 3.83283773e-04 8.84501015e-05 8.62836113e-06
  1.30699799e-04 1.64966459e-04 5.60651966e-04 1.40396987e-06
  3.95357914e-03 1.83544415e-02 2.46766139e-02 1.50321649e-03
  1.81338152e-03 4.59177891e-02 4.61015407e-02 9.95098137e-01
  7.61897943e-03 1.41125198e-01 5.35022568e-01 8.53415146e-01
  9.06077112e-01 1.88866800e-02 9.23853308e-02 2.51280982e-02
  1.83668742e-03 9.07399764e-04 4.73860187e-02 4.58877442e-02]
 [3.59936507e-09 1.53072698e-01 3.64046385e-01 7.78364185e-01
  5.80140850e-07 9.76657888e-09 1.25672719e-05 3.16153133e-04
  0.00000000e+00 3.96219488e-05 0.00000000e+00 1.55464546e-03
  2.00751352e-07 0.00000000e+00 0.00000000e+00 0.00000000e+00
  0.00000000e+00 0.00000000e+00 0.00000000e+00 0.00000000e+00
  0.00000000e+00 8.02642272e-01 6.98902892e-01 3.03996526e-01
  3.03964693e-01 6.67174286e-05 1.61570761e-04 7.15344912e-01
  1.97340026e-02 2.48817198e-04 9.99333369e-01 7.07583753e-01
  7.07928869e-01 2.09797963e-02 6.93777936e-01 4.43846472e-05
  3.04029422e-01 3.03969092e-01 8.25521911e-05 7.89963925e-05]
 [1.23292532e-02 3.97881701e-01 5.39676571e-01 4.65884232e-01
  1.58848825e-05 4.85499994e-05 0.00000000e+00 0.00000000e+00
  0.00000000e+00 7.43523810e-06 2.41058246e-05 2.62150842e-03
  2.41735104e-08 0.00000000e+00 0.00000000e+00 2.42091168e-08
  1.40150143e-05 0.00000000e+00 0.00000000e+00 0.00000000e+00
  3.01322807e-05 4.15719156e-01 1.66020611e-02 8.69852653e-02
  9.04152228e-02 5.83636062e-01 5.81620213e-01 5.16058095e-01
  4.49761051e-01 2.56988279e-01 7.02272742e-01 2.05430546e-01
  2.77391750e-01 6.22326513e-01 5.06147588e-01 1.44361648e-01
  8.55545846e-02 9.02488926e-02 5.71286046e-01 5.80752704e-01]]
accuracy=0.8017679943296141
